Webots Project File version R2020a
perspectives: 000000ff00000000fd000000030000000000000320000003d0fc0100000002fb0000001e00480074006d006c0052006f0062006f007400570069006e0064006f00770000000000000003200000000000000000fb0000001a0044006f00630075006d0065006e0074006100740069006f006e0000000000ffffffff0000006900ffffff00000001000002f2000002a5fc0200000001fb0000001400540065007800740045006400690074006f00720100000015000002a50000008700ffffff000000030000078000000129fc0100000001fb0000000e0043006f006e0073006f006c00650100000000000007800000006900ffffff0000048c000002a500000001000000020000000100000008fc00000000
simulationViewPerspectives: 000000ff000000010000000200000100000005620100000002010000000100
sceneTreePerspectives: 000000ff00000001000000020000026e000000fa0100000002010000000200
maximizedDockId: -1
centralWidgetVisible: 1
selectionDisabled: 0
viewpointLocked: 0
orthographicViewHeight: 1
textFiles: 0 "controllers/pioneer_testing3/pioneer_testing3.py" "controllers/pioneer_testing2/pioneer_testing2.py" "controllers/extende_kalman_filter/extende_kalman_filter.py" "controllers/my_controller/my_controller.py" "../../../../../../AppData/Local/Programs/Webots/projects/devices/microsoft/protos/Kinect.proto"
renderingDevicePerspectives: Pioneer 3-AT:kinect range;1;0.557895;0;0
renderingDevicePerspectives: Pioneer 3-AT:kinect color;1;1.08947;0;0.235094
