Webots Project File version R2020a
perspectives: 000000ff00000000fd00000003000000000000019f000003d0fc0100000002fb0000001e00480074006d006c0052006f0062006f007400570069006e0064006f007701000000000000019f0000000000000000fb0000001a0044006f00630075006d0065006e0074006100740069006f006e0000000000ffffffff0000006900ffffff0000000100000241000002ecfc0200000001fb0000001400540065007800740045006400690074006f00720100000015000002ec0000008700ffffff0000000300000780000000e2fc0100000001fb0000000e0043006f006e0073006f006c00650100000000000007800000006900ffffff0000053d000002ec00000001000000020000000100000008fc00000000
simulationViewPerspectives: 000000ff00000001000000020000014d000004390100000002010000000100
sceneTreePerspectives: 000000ff0000000100000002000000c00000011a0100000002010000000200
minimizedPerspectives: 000000ff00000000fd000000020000000000000230000003d0fc0100000002fb0000001e00480074006d006c0052006f0062006f007400570069006e0064006f00770000000000000002300000000000000000fb0000001a0044006f00630075006d0065006e0074006100740069006f006e0000000000ffffffff0000006900ffffff0000000100000224000003d0fc0200000001fc00000015000003d00000008700fffffffa000000010100000002fb0000000e0043006f006e0073006f006c00650000000000ffffffff0000006900fffffffb0000001400540065007800740045006400690074006f0072010000055c000002240000007700ffffff0000055a000003d000000001000000020000000100000008fc00000000
maximizedDockId: -1
centralWidgetVisible: 1
selectionDisabled: 0
viewpointLocked: 0
orthographicViewHeight: 1
textFiles: 1 "controllers/pioneer_testing2/pioneer_testing2.py" "controllers/pioneer_testing/pioneer_testing.py"
renderingDevicePerspectives: Pioneer 3-AT:kinect range;0;0.878125;0;0
renderingDevicePerspectives: Pioneer 3-AT:kinect color;0;0.878125;0;0
